5
0.0668127 0.905852 0.695824 0.960034 0.89749 
0.840626 0.718588 0.298933 0.612368 0.264781 
0.988388 0.845133 0.964635 0.128554 0.195342 
0.49609 0.896125 0.807482 0.638432 0.622622 
0.467525 0.888626 0.924151 0.483184 0.0136899
2 0 1 4 3
1 0 0 0 0 
0.0675976 1 0 0 0 
0.850502 -0.000233858 1 0 0 
0.473018 0.575999 -0.200687 1 0 
0.501918 0.556056 0.0524478 -0.752576 1
0.988388 0.845133 0.964635 0.128554 0.195342 
0 0.848723 0.630617 0.951344 0.884285 
0 0 -0.521343 0.503256 0.0988489 
0 0 0 -0.0246004 -0.56822 
0 0 0 0 -0.399948 
